0 3 5 7 9 12 18 32 36 42
0 1 2 3 4 5 6 7 8 9 10
0 1 2 3 4 5 6 7 8 9 10
7
-12 -1 0 7 8 14 91
1 1 1 1 4 4 4 4 7 7 7 7 12 12 12 12
0 1 5 7 8 9 11 11 11 12 17 18 25 28 32 32 33 36 38 42 42 48 48 63 67 71 73 86
6 6 16 18 27 29 39 41 42 48 52 61 64 84 93 101 128
-789 -789 -789 -789 -18 -18 -18 -18 1 2 2 2 2 3 4
-320 -157 -24 -3 -3 17 27 36 42 43 78 84 148 420 1062 1062
-95 -48 -29 1 3 5 6 10 13 19 20 36 40 48 98 173 182 202 487 592 1873
-1001 -62 -27 -10 11 19 28 29 34 37 38 38 40 49 53 53 72 77 83 86 88 99
-100 -90 -80 -70 -60 -50 -40 -30 -20 -10 0 10 20 30 40 50 60 70 80 90 100
8 8 8 8 8 8 8 8 8 8 8 8 8 8 8 8 8 8 8 8 8 8 8 8 8 8 8 8 8 8 8 8 8 8
-823 -182 -123 -92 -85 -74 -34 -18 -1 0 2 6 12 12 14 14 19 19 20 23 24 28 28 29 32 38 41 43 45 47 48 49 52 54 57 74 78 84 84 85 92 92 93 96 99 122 328 387 1200
-666 -566 -187 -69 -48 -48 -19 -18 -2 -1 0 1 2 2 4 4 4 8 10 10 17 18 27 27 29 32 37 37 38 38 38 39 39 43 49 49 51 63 63 73 81 82 89 93 94 173 287 293 579 2764
-3019 -100 -42 42 42 42 78 190 999
-983 -722 -303 -110 -72 -61 -52 -48 -46 -34 -22 -19 -12 4 6 10 12 23 24 38 42 42 43 45 52 55 62 64 71 72 75 76 82 82 83 83 92 176 187 212 344 547 738 2140 4566
-5852 -187 -56 -53 -48 -47 -47 -7 -5 -2 1 2 2 3 4 4 9 10 10 10 18 26 27 29 29 30 30 37 38 38 38 48 48 49 56 57 57 59 75 82 83 92 174 204 294 304 476 563 1633
-2875 -164 -82 -68 -59 -29 -28 -23 -13 0 1 2 3 4 4 4 7 19 20 20 20 24 26 27 29 29 39 46 47 47 48 49 49 50 56 57 57 58 58 68 72 74 86 94 95 284 457 472 947 4765
-135 -89 -73 -53 -44 -42 -29 -10 0 0 0 4 10 10 10 19 21 27 28 29 38 38 38 42 42 47 47 48 48 48 50 57 60 62 68 76 77 84 88 90 90 105 110 183 229 284 293 825 983
-81 -79 -49 39 56 88 95 102
