12 32 3 18 9 42 0 36 5 7
0 1 2 3 4 5 6 7 8 9 10
10 9 8 7 6 5 4 3 2 1 0
7
91 -1 14 0 7 8 -12
4 4 4 4 12 1 12 7 1 1 12 7 1 12 7 7
17 11 9 42 86 12 32 0 8 7 18 73 1 5 32 48 25 36 11 38 71 42 11 63 28 33 48 67
27 41 6 16 61 101 48 18 84 42 29 93 128 64 39 6 52
2 -18 -18 -18 2 3 2 2 -18 -789 -789 1 -789  4 -789
148 -3 27 -157 1062 43 78 -24 42 420 17 -320 84 36 -3 1062
98 182 -29 1873 13 40 173 592 487 1 3 5 6 19 -48 10 20 48 36 202 -95
72 49 53 -62 88 99 11 34 -27 86 53 -1001 38 29 83 77 -10 38 40 28 19 37
-100 90 -80 70 -60 50 -40 30 -20 10 0 -10 20 -30 40 -50 60 -70 80 -90 100
8 8 8 8 8 8 8 8 8 8 8 8 8 8 8 8 8 8 8 8 8 8 8 8 8 8 8 8 8 8 8 8 8 8
14 12 32 54 122 -123 41 2 0 -74 28 1200 45 99 23 84 78 -1 -34 12 14 93 -182 387 28 49 47 -92 43 24 52 96 -18 19 38 20 -85 29 84 92 328 -823 19 48 57 85 92 74 64 579 293 39 173 38 2 4 8 -19 27 -18 0 37 -187 10 38 73 29 18 38 -48 -69 -2 -1 39 -48 51 82 49 63 93 17 49 2764 287 -566 37 -666 2 4 1 10 32 43 89 27 63 81 94 -100 78 190 999 -3019 42 -42 42 42
-12 43 -52 55 6 -722 62 83 -46 187 -110 344 64 -22 4566 76 212 24 -48 2140 -34 52 82 -72 42 547 71 -61 23 45 92 82 4 72 42 -19 738 83 12 -303 10 38 75 176 -983 82 59 -187 49 27 75 1633 10 29 38 57 18 10 30 57 10 2 1 4 2 9 -47 83 26 -53 29 38 304 174 38 -56 563 204 -5852 3 48 294 56 476 48 30 -5 37 4 92 -48 -47 -2 -7 4 72 0 4 3 -23 29 4 27 49 -164 56 46 -28 457 39 58 1 48 -13 947 19 47 29 4765 2 94 24 95 -2875 -68 472 50 -59 20 57 -29 57 26 86 74 20 47 49 58 20 68 284 -82 74 90 110 48 42 -42 42 38 10 38 68 -10 21 84 27 983 293 57 38 76 229 10 48 50 28 -73 29 -44 88 77 -29 47 60 284 105 0 0 0 19 47 -53 183 825 62 -89 10 48 -135 9056 -81 -79 102 -49 88 39 95